*water-surface
!1
100	500	0
100	501	0
100	502	0
*waterfall
!2
100	504	0
100	505	0
100	506	0
100	507	0
*lava-surface
!3
120	508	0
120	509	0
120	510	0
*player-m-defeat
!105
100	408	0
100	408	4
100	408	8
100	408	12
*player-f-idle
!110
100	405	0
*player-f-walk
!111
110	406	0
110	407	0
*player-f-jump
!112
100	406	0
*player-f-climb
!113
100	408	0
100	408	1
*player-f-crouch
!114
100	409	0
*player-f-defeat
!115
100	406	0
100	406	4
100	406	8
100	406	12
*scorpion
!150
100	450	0
100	451	0
100	452	0
*projectile
!151
100	453	0
100	454	0
*projectile-end
!152
100	456	0
100	455	0
100	456	0
*snake
!153
100	457	0
100	458	0
100	459	0
100	458	0
*bat
!154
90	460	0
90	461	0
*piranha
!155
90	462	0
90	463	0
90	464	0
90	463	0
*flame
!156
100	466	0
100	467	0
100	468	0
100	469	0
100	470	0
100	471	0
*fireball
!157
100	465	0
100	465	4
100	465	8
100	465	12
*fireball-end
!158
70	468	0
60	469	0
50	468	0
50	467	0
70	466	0
*flame-jet
!159
50	472	0
60	473	0
70	474	0
60	474	1
50	473	1
50	472	1
*breaking-platform
!200
250	362	0
250	363	0
250	364	0
250	365	0
*reappearing-platform
!201
100	365	0
100	364	0
100	363	0
100	362	0
*glint
!202
60	476	0
60	477	0
60	478	0
60	479	0
