>1 automap-start
*start_001 101 1 6 1 1
;0 0 2
*start_002 102 2 6 1 1
;0 0 10
*start_003 103 3 6 1 1
;0 0 9
*start_004 104 3 5 1 1
;0 0 5
*start_005 105 3 3 1 2
;0 0 1
;0 1 4
*start_006 106 3 2 1 1
;0 0 21
*start_007 107 0 2 1 1
;0 0 16
*start_008 108 2 1 3 1
;-1 0 32
;0 0 8
;1 0 5
;2 0 2
;3 0 32
*start_009 109 2 0 4 1
;-1 0 32
;0 0 8
;1 0 4
;3 0 2
;4 0 32
>2 automap-river
*river_001 201 1 4 2 1
;-1 0 32
;1 0 2
*river_002 202 3 4 2 1
;0 0 8
;1 0 2
*river_003 203 5 3 2 2
;0 1 8
;1 0 2
;1 1 2
*river_004 204 7 4 1 2
;0 0 8
;0 1 18
*river_005 205 8 5 1 1
;0 0 14
*river_006 206 8 6 1 1
;0 0 3
*river_007 207 9 6 1 1
;0 0 9
*river_008 208 9 5 3 1
;0 0 12
;2 0 2
*river_009 209 12 4 1 2
;0 0 1
;0 1 8
*river_010 210 12 2 1 2
;0 0 1
;0 1 12
*river_011 211 8 3 4 1
;0 0 9
;2 0 1
;3 0 2
*river_012 212 10 2 1 1
;0 0 4
*river_013 213 7 3 1 1
;0 0 10
*river_014 214 12 1 1 1
;0 0 5
*river_015 215 12 0 2 1
;0 0 12
;2 0 32
*river_016 216 8 0 4 1
;0 0 4
;3 0 2
*river_017 217 8 1 1 2
;0 0 1
;0 1 4
*river_018 218 5 6 1 1
;0 0 16
>3 automap-blue_vault
>4 automap-volcano
*volcano_001 401 8 3 2 1
;0 0 8
;1 0 2
;2 0 32
*volcano_002 402 7 0 1 4
;0 0 8
;0 2 8
;0 3 2
*volcano_003 403 5 0 2 1
;0 0 8
;1 0 2
*volcano_004 404 4 0 1 1
;0 0 6
*volcano_005 405 4 1 1 2
;0 0 1
;0 1 10
*volcano_006 406 1 2 3 1
;-1 0 32
;0 0 12
;0 1 64
;2 0 2
*volcano_007 407 5 2 2 1
;0 0 8
;1 0 6
*volcano_008 408 6 3 1 3
;0 0 1
;0 2 8
*volcano_009 409 4 5 2 1
;0 0 4
;1 0 2
*volcano_010 410 4 6 2 2
;0 0 1
;1 1 4
*volcano_011 411 5 8 3 1
;0 0 1
;1 0 4
*volcano_012 412 6 9 1 1
;0 0 5
*volcano_013 413 4 10 3 1
;0 0 8
;1 0 4
;2 0 1
*volcano_014 414 5 11 1 2
;0 0 1
*volcano_015 415 3 10 1 2
;0 0 2
;0 1 8
*volcano_016 416 1 11 2 1
;0 -1 64 
;0 0 1
;1 0 2
*volcano_017 417 1 7 1 1
;0 -1 64
;0 0 5
;0 1 64
>5 automap-green_vault
>6 automap-fortress
>7 automap-red_vault
*red_001 701 3 0 3 1
;0 0 8
;-1 0 32
;1 0 16
;2 0 2
;3 0 32
*red_002 702 4 1 1 2
;0 0 16
;0 1 6
*red_003 703 4 3 1 1
;0 0 21
*red_004 704 4 4 1 1
;0 0 31
*red_005 705 5 4 1 1
;0 0 9
*red_007 707 5 3 1 1
;0 0 4
*red_006 706 3 4 1 1
;0 0 18
*red_008 708 4 5 1 1
;0 0 23
*red_009 709 5 5 1 1
;0 0 24
*red_010 710 3 6 2 1
;0 0 16
;1 0 1
*red_011 711 0 5 2 2
;0 1 16
;1 0 16
*red_012 712 6 5 1 1
;0 0 16
*red_013 713 0 3 2 2
;0 1 16
;1 0 16
*red_014 714 5 2 1 1
;0 0 24
*red_015 715 8 2 3 1
;-1 0 32
;0 0 8
;1 0 16
;2 0 2
;3 0 32
>8 automap-forest
*forest_001 801 11 6 2 1
;1 0 6
;0 0 8
;2 0 32
*forest_002 802 7 6 4 1
;0 0 8
;3 0 18
*forest_003 803 10 7 1 2
;0 0 16
;0 1 4
*forest_004 804 9 9 4 1
;-1 0 32
;0 0 8
;1 0 1
;3 0 1
*forest_005 805 6 4 1 3
;0 0 10
;0 2 2
*forest_006 806 7 4 1 1
;0 0 8
*forest_007 807 5 3 1 2
;0 1 2
;0 0 8
*forest_008 808 3 2 2 2
;0 0 8
;1 0 16
;0 1 22
;1 1 2
*forest_010 810 4 0 1 1
;0 0 16
*forest_012 812 0 4 1 1
;0 0 16
*forest_009 809 2 3 1 1
;0 0 6
*forest_011 811 2 4 1 1
;0 0 3
*forest_013 813 2 2 1 1
;0 0 10
;-1 0 32
*forest_014 814 3 4 1 2
;0 0 8
;0 1 4
;0 2 64
*forest_015 815 3 9 1 1
;0 0 3
;0 -1 64
;1 0 32
*forest_016 816 12 7 1 2
;0 0 1
;0 1 4
>9 automap-tower
