1	0	32	16	16	0	0	0
2	0	48	16	16	0	0	0
3	16	32	16	16	0	0	0
4	16	48	16	16	0	0	0
5	32	32	16	16	0	0	0
6	32	48	16	16	0	0	0
7	48	32	16	16	0	0	0
8	48	48	16	16	0	0	0
9	64	32	16	16	0	0	0
10	64	48	16	16	0	0	0
11	80	32	16	16	0	0	0
12	80	48	16	16	0	0	0
13	0	64	16	16	0	0	0
14	0	80	16	16	0	0	0
15	16	64	16	16	0	0	0
16	16	80	16	16	0	0	0
17	32	64	16	16	0	0	0
18	32	80	16	16	0	0	0
19	48	64	16	16	0	0	0
20	48	80	16	16	0	0	0
21	64	64	16	16	0	0	0
22	64	80	16	16	0	0	0
23	80	64	16	16	0	0	0
24	80	80	16	16	0	0	0
25	96	64	16	16	0	0	0
26	96	80	16	16	0	0	0
27	112	64	16	16	0	0	0
28	112	80	16	16	0	0	0
29	128	64	16	16	0	0	0
30	128	80	16	16	0	0	0
31	144	64	16	16	0	0	0
32	144	80	16	16	0	0	0
33	160	64	16	16	0	0	0
34	160	80	16	16	0	0	0
35	176	64	16	16	0	0	0
36	176	80	16	16	0	0	0
37	192	64	16	16	0	0	0
38	192	80	16	16	0	0	0
39	208	64	16	16	0	0	0
40	208	80	16	16	0	0	0
41	224	64	16	16	0	0	0
42	224	80	16	16	0	0	0
43	224	96	16	16	0	0	0
44	160	96	16	16	0	0	0
45	0	96	16	16	0	0	0
46	0	96	16	16	0	0	1
47	0	96	16	16	0	0	2
48	0	96	16	16	0	0	3
49	16	96	16	16	0	0	0
50	16	96	16	16	0	0	1
51	16	96	16	16	0	0	2
52	16	96	16	16	0	0	3
53	32	96	16	16	0	0	0
54	32	96	16	16	0	0	1
55	32	96	16	16	0	0	2
56	32	96	16	16	0	0	3
57	48	96	16	16	0	0	0
58	48	96	16	16	0	0	1
59	48	96	16	16	0	0	2
60	48	96	16	16	0	0	3
61	64	96	16	16	0	0	0
62	64	96	16	16	0	0	1
63	64	96	16	16	0	0	2
64	64	96	16	16	0	0	3
65	80	96	16	16	0	0	0
66	80	96	16	16	0	0	1
67	80	96	16	16	0	0	2
68	80	96	16	16	0	0	3
69	96	96	16	16	0	0	0
70	96	96	16	16	0	0	1
71	96	96	16	16	0	0	2
72	96	96	16	16	0	0	3
73	112	96	16	16	0	0	0
74	112	96	16	16	0	0	1
75	112	96	16	16	0	0	2
76	112	96	16	16	0	0	3
77	96	112	16	16	0	0	0
78	96	128	16	16	0	0	0
79	96	144	16	16	0	0	0
80	96	160	16	16	0	0	0
81	112	112	16	16	0	0	0
82	112	128	16	16	0	0	0
83	112	144	16	16	0	0	0
84	112	160	16	16	0	0	0
85	128	112	16	16	0	0	0
86	128	128	16	16	0	0	0
87	128	144	16	16	0	0	0
88	128	160	16	16	0	0	0
89	144	112	16	16	0	0	0
90	144	128	16	16	0	0	0
91	144	144	16	16	0	0	0
92	144	160	16	16	0	0	0
93	160	112	16	16	0	0	0
94	160	128	16	16	0	0	0
95	160	144	16	16	0	0	0
96	160	160	16	16	0	0	0
97	176	128	16	16	0	0	0
98	176	144	16	16	0	0	0
99	176	160	16	16	0	0	0
100	192	128	16	16	0	0	0
101	192	144	16	16	0	0	0
102	192	160	16	16	0	0	0
103	176	112	16	16	0	0	0
104	176	112	16	16	0	0	1
105	208	112	16	16	0	0	0
106	208	128	16	16	0	0	0
107	208	128	16	16	0	0	1
108	224	112	16	16	0	0	0
109	176	96	16	16	0	0	0
111	176	176	16	16	0	0	0
112	80	144	16	16	0	0	0
113	80	160	16	16	0	0	0
114	80	176	16	16	0	0	0
115	64	144	16	16	0	0	0
116	64	160	16	16	0	0	0
117	48	144	16	16	0	0	0
118	48	160	16	16	0	0	0
119	48	176	16	16	0	0	0
120	32	144	16	16	0	0	0
121	32	160	16	16	0	0	0
122	16	144	16	16	0	0	0
123	16	160	16	16	0	0	0
124	16	176	16	16	0	0	0
125	0	144	16	16	0	0	0
126	0	160	16	16	0	0	0
127	0	176	16	16	0	0	0
128	32	176	16	16	0	0	0
129	64	176	16	16	0	0	0
130	224	48	16	16	0	0	0
131	224	32	16	16	0	0	0
132	192	112	16	16	0	0	0
133	224	128	16	16	0	0	0
134	208	144	16	16	0	0	0
135	224	144	16	16	0	0	0
136	240	144	16	16	0	0	0
137	208	160	16	16	0	0	0
138	224	160	16	16	0	0	0
139	96	176	16	16	0	0	0
140	112	176	16	16	0	0	0
141	128	176	16	16	0	0	0
143	240	128	16	16	0	0	0
144	192	96	16	16	0	0	0
300	0	7	16	9	0	0	0
301	19	0	10	16	0	0	0
302	35	3	10	10	0	0	0
303	48	3	16	10	0	0	0
304	64	3	16	10	0	0	0
305	80	3	16	10	0	0	0
350	224	0	16	16	0	0	0
351	224	16	16	16	0	0	0
352	160	176	16	16	0	0	0
353	144	176	16	16	0	0	0
354	96	0	16	16	0	0	0
355	112	0	16	16	0	0	0
356	128	0	16	16	0	0	0
357	96	16	16	16	0	0	0
358	112	16	16	16	0	0	0
359	128	16	16	16	0	0	0
360	96	32	16	16	0	0	0
361	96	48	16	16	0	0	0
400	144	40	16	24	2	0	0
401	160	40	16	24	2	0	0
402	176	40	16	24	2	0	0
403	192	40	16	24	2	0	0
404	208	40	16	24	2	0	0
405	144	8	16	24	2	0	0
406	160	8	16	24	2	0	0
407	176	8	16	24	2	0	0
408	192	8	16	24	2	0	0
409	208	8	16	24	2	0	0
450	0	241	16	15	0	0	0
451	16	241	16	15	0	0	0
452	32	241	16	15	0	0	0
453	48	244	16	9	0	0	0
454	64	244	16	9	0	0	0
455	80	240	16	16	0	0	0
456	96	240	16	16	0	0	0
457	0	230	16	10	0	0	0
458	16	230	16	10	0	0	0
459	32	230	16	10	0	0	0
460	48	230	16	10	3	0	0
461	66	230	11	10	0	0	0
500	0	112	16	16	0	0	0
501	16	112	16	16	0	0	0
502	32	112	16	16	0	0	0
503	0	128	16	16	0	0	0
504	16	128	16	16	0	0	0
505	32	128	16	16	0	0	0
506	48	128	16	16	0	0	0
507	64	128	16	16	0	0	0
508	48	112	16	16	0	0	0
509	64	112	16	16	0	0	0
510	80	112	16	16	0	0	0
511	80	128	14	14	0	0	0
